,0,1,2,3,4,5,6,7
0,0.9025326323049055,0.003884015523409435,0.9017202984296905,0.03625977190590259,9.11569149494171,1.1187450623810302,0.0006126165390014648,4.728619457934752e-05
1,0.9090911366946134,0.0036779255733810135,0.9090924194852766,0.033013812266509075,10.665595626831054,1.2641701754608996,0.0006297826766967773,3.176219612597686e-05
2,0.9192576891762607,0.004775346237982098,0.9135248953980802,0.02588205374084956,12.626853132247925,1.4048310931675567,0.0006459951400756836,4.703113929019816e-05
3,0.9133579822507307,0.0019192302461369494,0.9107609745479245,0.01683256839130864,14.611093378067016,1.4710715568236652,0.0006776332855224609,6.348507923179543e-05
4,0.9308190940274119,0.002198562409718693,0.9233317172427219,0.009819394464589622,16.979517889022826,1.5370470221377543,0.0007096052169799805,0.00011328631583594641
5,0.9166587127228031,0.007571993947312412,0.9065715339481966,0.009074108322390764,19.14827353954315,2.0050509803243672,0.0006850481033325196,4.446542294846527e-05
6,0.9352389382355707,0.0023331182179270908,0.9268239679594984,0.013078295486581617,21.592030501365663,2.1446968103962605,0.0007003068923950196,5.5259239543280964e-05
7,0.932368170146435,0.002091131747348044,0.9278136005523223,0.009242109857764214,23.65184051990509,2.5928204475460785,0.0007103204727172852,5.552523015025826e-05
8,0.9242786505655831,0.0017650165616178094,0.9209129023746165,0.011646253558869743,26.171306443214416,2.747353462975565,0.0007163763046264648,4.7385361208446706e-05
9,0.9403591564755454,0.002843441576257175,0.9377003644567627,0.009413236531379389,28.637763118743898,2.571004244355075,0.0007652759552001954,0.00010166783251596208
10,0.9383381502266742,0.0014551280396889817,0.9345119388792646,0.007966969987692384,31.246289014816284,3.3317269779696366,0.0007617712020874023,6.26601447768949e-05
11,0.9412616147734283,0.0011655577191290335,0.9373909048385514,0.009914447001281334,33.68397560119629,3.6363109124138684,0.0007781028747558594,6.790830814898518e-05
12,0.9390460215152656,0.0013121563089897284,0.935564897912936,0.00799186302081247,36.378160214424135,3.9345266160153196,0.0008202314376831055,0.0001957221390269818
13,0.9352437748890466,0.0014373777188195149,0.9312972606239681,0.008465423362592641,38.818295216560365,4.090480961477051,0.0008058786392211914,9.55870275685394e-05
14,0.9448244994481566,0.0010750992938599487,0.9417617218206971,0.004912414885935233,42.03148760795593,4.486974344406748,0.0008328437805175781,6.981259151559992e-05
15,0.936177209290071,0.0014763845703691994,0.9339056433849487,0.008075008820288518,45.02762885093689,4.790593809233615,0.000888991355895996,0.00021641786572346974
16,0.9432232371910727,0.0008638506623994417,0.9393462531048946,0.006467958958927744,47.97650110721588,5.093677757387072,0.0008396625518798829,5.949255894912597e-05
17,0.9454148443411793,0.0029345070199686893,0.9426467833563498,0.010359431080639293,50.12112352848053,5.056156010546122,0.0008408069610595703,6.934982976207099e-05
18,0.9455611303502615,0.001835856597834766,0.9416965256721163,0.007660472402817597,53.87315671443939,4.578588250004857,0.0008654594421386719,8.56164404019045e-05
19,0.9450236500226936,0.0013066974258925045,0.9411005029351822,0.00887667202105861,56.63438057899475,5.879105555443405,0.0008800745010375977,8.570775195043647e-05
